880291966
885633462
23061436
635154137
525989415
942828015
288624072
508917088
113681737
920638241
974421257
991106719
593907280
773214044
179742678
710585627
224377033
838830641
321993685
351677532
842596552
897894542
930392106
958560387
134098427
358706487
28551066
138119932
237548636
782819183
573382920
734129625
684900987
966011731
59759296
403877405
391958557
825295616
848001514
958985051
468535757
918912510
369664513
525940591
966523124
981594042
459524518
900060686
496650774
943982810
470564237
754099373
44970861
896804460
712788735
998918142
68447291
656303561
269546195
343242668
254634548
608658420
958780620
985614332
266489112
535866620
631160840
969273760
476953509
913816608
687554172
954953884
583304541
585163521
452424959
608832631
176573066
542734084
39458913
536061151
740223715
935486506
750982741
838247657
974753276
975740415
514404450
581137374
717927313
975616578
117195007
589767614
798078731
894686195
684729332
848921671
224868382
503300031
429190745
580831737
68791438
696670090
6294092
114497200
223064168
503661321
836201809
923656912
651332200
747079117
94407692
903089008
678103367
865453734
826850173
932779980
107153345
702844505
161960380
198230137
917493076
921108821
964193719
975913897
888691440
978497517
43863437
766383879
875151855
911028950
575023077
935019093
824233060
871778133
775482967
874568057
947512807
974207078
118627166
472309232
109926647
542108654
760734053
821300535
737578727
896883730
149445072
616336874
819605817
838039353
487062956
997477656
439626854
886978643
330695923
951735148
41523308
54654190
56665728
227398277
1336191
699676608
686786370
985490449
610020284
756253549
510937447
657759825
271559173
737962145
643591695
667916299
551854208
796907273
691690084
746084784
311723668
780770173
170644665
631673892
178858060
949136139
865929071
896214140
733746649
870810909
50083207
766719822
1869674
942748277
737843496
955817899