873313443
159436501
159305437
736319765
349487165
927624344
312147038
370284373
225189318
916424721
649426944
167983882
867141569
187525223
572773839
107832244
36034463
418109112
995053388
115067788
355765717
754871579
226411736
400186539
674098476
212132094
89751279
197589093
94545319
304320445
386093486
466316859
771766280
365774702
855013183
722427788
779456258
454407767
934442710
1546181
35430407
893606729
837043722
630066442
861372301
826752901
343238347
507111334
688482269
964721564
5400758
239519578
726928426
510934289
28864319
452023285
648992676
15171978
134086839
961728796
952509096
928098081
660712985
505234066
352319621
107192501
189615591
835076144
335094716
520642976
786394277
421601724
685673549
31548631
464356092
546902224
598770012
780247084
801563337
837106458
897592215
970458671
794359161
328138150
83834801
630384141
251337746
144313322
40188151
243652680